0.84
0.96
0.93
0.94
0.98
0.97
0.88
0.70
0.03
0.39
0.70
0.57
0.31
0.15
0.55
0.27
0.80
0.87
0.18
0.70
0.20
0.02
0.41
0.38
0.63
0.77
0.58
0.09
0.87
0.28
0.78
0.39
0.60
0.52
0.13
0.30
0.97
0.68
0.73
0.63
0.98
0.53
0.24
0.88
0.87
0.02
0.48
0.15
0.77
0.63
0.10
0.80
0.16
0.15
0.99
1.00
0.98
0.27
0.54
0.53
0.78
0.01
0.02
0.04
0.84
0.56
0.94
0.50
0.49
0.48
0.08
0.72
1.00
0.94
0.20
0.71
0.62
0.25
0.13
0.07
0.53
0.20
0.30
0.70
0.17
0.30
0.86
0.02
0.39
0.01
1.00
0.29
0.86
0.52
0.97
0.70
0.34
0.20
0.45
0.69
0.62
0.57
0.74
0.33
0.79
0.44
0.02
0.88
0.57
0.10
0.84
0.92
0.99
0.17
0.46
0.47
0.66
0.85
0.15
0.83
0.40
0.76
0.27
0.34
0.31
0.30
0.99
0.93
0.31
0.34
0.94
0.76
0.80
0.76
0.23
0.88
0.02
0.83
0.28
0.87
0.34
0.31
0.91
0.89
0.04
0.03
0.13
0.69
0.93
0.80
0.49
0.80
0.23
0.78
0.17
0.98
0.53
0.80
0.85
0.41
0.90
0.67
0.57
0.72
0.12
0.37
0.68
0.52
0.12
0.67
0.68
0.98
0.63
0.88
0.79
0.97
0.76
0.71
0.09
0.39
0.93
0.30
0.55
0.61
0.28
0.22
0.65
0.55
0.23
0.79
0.55
0.14
0.99
0.89
0.40
0.17
0.68
0.36
0.97
0.12
0.37
0.34
0.42
0.63
0.00
0.97
0.52
0.73
0.84
0.51
0.99
0.21
0.33
0.43
0.80
0.86
0.83
0.76
0.74
0.46
0.78
0.87
0.38
0.76
0.19
0.13
0.61
0.16
0.30
0.66
0.14
0.46
0.28
0.32
0.65
0.99
0.82
0.10
0.48
0.34
0.17
0.13
0.14
0.86
0.84
0.18
0.47
0.87
1.00
0.54
0.70
0.38
0.88
0.34
0.25
0.29
0.18
0.75
0.97
0.20
0.45
0.88
0.99
0.67
0.13
0.72
0.32
0.89
0.55
0.59
0.27
0.83
0.80
0.05
0.71
0.75
0.76
0.72
0.90
0.78
0.96
0.34
0.44
0.79
0.39
0.21
0.29
0.91
0.16
0.27
0.57
0.59
0.46
0.11
0.98
0.99
0.86
0.07
0.22
0.86
0.25
0.26
0.98
0.62
0.07
0.13
0.98
0.95
0.77
0.87
0.98
0.89
0.41
0.95
0.18
0.67
0.46
0.60
0.64
0.21
0.69
0.58
0.83
0.98
0.90
0.12
0.38
0.66
0.12
0.33
0.27
0.56
0.26
0.36
0.58
0.29
0.99
0.44
0.03
0.36
0.02
0.90
0.95
0.22
0.31
0.86
0.42
0.48
0.94
0.20
0.54
0.54
0.69
0.47
0.70
0.11
0.32
0.68
0.66
0.21
0.65
0.25
0.05
0.36
0.30
0.78
0.67
0.61
0.96
0.37
0.57
0.13
0.45
0.52
0.40
0.38
0.81
0.16
0.03
0.46
0.93
0.18
0.66
0.63
0.72
0.27
0.15
0.96
0.15
0.23
0.10
0.83
0.81
0.80
0.60
0.22
0.62
0.48
0.39
0.79
0.61
1.00
0.02
0.35
0.29
0.12
0.54
0.61
0.47
0.69
0.73
0.07
0.72
0.22
0.68
0.55
0.53
0.92
0.91
0.97
0.92
0.75
0.70
0.15
0.50
0.07
0.48
0.78
0.56
0.17
0.64
0.01
0.97
0.63
0.91
0.95
0.92
0.29
0.70
0.13
0.77
0.50
0.74
0.74
0.87
0.83
0.09
0.80
0.79
0.11
0.45
0.61
0.63
0.88
0.31
0.15
0.20
0.19
0.04
0.76
0.26
0.29
0.54
0.18
0.88
0.74
0.46
0.92
0.94
0.57
0.11
0.76
0.78
0.44
0.69
0.86
0.61
0.89
0.30
0.72
0.18
0.82
0.21
0.22
0.52
0.30
0.05
0.40
0.30
0.73
0.99
0.54
0.68
0.16
0.11
0.01
0.66
0.97
0.43
0.69
0.43
0.45
0.88
0.67
0.13
0.12
0.81
0.03
0.45
0.54
0.93
0.15
0.62
0.98
0.07
0.01
0.92
0.39
0.87
0.49
0.73
0.14
0.17
0.04
0.83
0.45
0.23
0.20
0.97
0.55
0.26
0.82
0.55
0.64
0.33
0.56
0.25
0.06
0.31
0.52
0.04
0.16
0.41
0.32
0.82
0.49
0.08
0.39
0.50
0.06
0.53
0.78
0.80
0.61
0.61
0.84
0.30
0.87
0.83
0.02
0.01
0.86
0.39
0.98
0.32
0.56
0.41
0.92
0.83
0.10
0.09
0.05
0.31
0.75
0.80
0.98
0.05
0.45
0.48
0.53
0.68
0.93
0.66
0.29
0.24
0.04
0.80
0.54
0.95
0.10
0.35
0.06
0.90
0.30
0.89
0.03
0.72
0.11
0.55
0.64
0.51
0.05
0.66
0.76
0.83
0.47
0.86
0.83
0.19
0.58
0.89
0.13
0.30
0.66
0.20
0.99
0.59
0.39
0.28
0.37
0.97
0.98
0.45
0.27
0.32
0.38
0.29
0.52
0.94
0.64
0.60
0.83
0.86
0.64
0.26
0.43
0.44
0.48
0.37
0.10
0.96
1.00
0.80
0.51
0.58
0.62
0.02
0.18
0.78
0.16
0.39
0.05
0.08
0.98
0.95
0.18
0.43
0.06
0.72
0.36
0.01
0.24
0.17
0.95
0.62
0.61
0.33
0.00
0.13
0.96
0.72
0.53
0.50
0.16
0.30
0.87
0.28
0.77
0.79
0.27
0.96
0.23
0.31
0.91
0.04
0.87
0.01
0.48
0.04
0.36
0.27
0.70
0.56
0.26
0.05
0.08
0.15
0.20
0.17
0.30
0.13
0.49
0.73
0.45
0.13
0.11
0.10
0.89
0.16
0.75
0.17
0.68
0.60
0.84
0.42
0.26
0.43
0.64
0.62
0.77
0.98
0.19
0.53
0.17
0.89
0.01
0.06
0.54
0.10
0.76
0.81
0.01
0.33
0.57
0.72
0.21
0.36
0.93
0.69
0.48
0.64
0.30
0.12
0.07
0.83
0.92
0.76
0.00
0.57
0.76
0.27
0.56
0.78
0.49
0.53
0.25
0.28
0.79
0.01
0.70
0.47
0.67
0.27
0.96
0.86
0.45
0.83
0.82
0.20
0.48
0.88
0.87
0.76
0.88
0.61
0.81
0.02
0.61
0.87
0.49
0.87
0.54
0.90
0.55
0.55
0.54
0.80
0.99
0.57
0.18
0.97
0.09
0.73
0.52
0.89
0.57
0.98
0.22
0.63
0.81
0.66
0.36
0.52
0.91
0.34
0.53
0.46
0.67
0.65
0.04
0.82
0.64
0.24
0.91
0.13
0.18
0.14
0.57
0.73
0.90
0.92
0.50
0.81
0.72
0.36
0.49
0.05
0.59
0.19
0.07
0.89
0.44
0.56
0.14
0.45
0.59
0.44
0.02
0.50
0.80
0.35
0.38
0.54
0.30
0.87
0.26
0.68
0.36
0.58
0.61
0.20
0.18
0.95
0.55
0.93
0.66
0.51
0.06
0.07
0.12
0.63
0.95
0.69
0.05
0.50
0.83
0.79
0.88
0.02
0.24
0.97
0.88
0.30
0.11
0.29
0.87
0.24
0.73
0.08
0.51
0.66
0.58
0.40
0.08
0.95
0.70
0.29
0.87
0.01
0.86
0.38
0.82
0.68
0.28
0.75
0.71
0.22
0.61
0.34
0.75
0.88
0.80
0.11
0.68
0.77
0.58
0.53
0.15
0.34
0.60
0.62
0.83
0.91
0.65
0.97
0.61
0.52
0.04
0.67
0.29
0.56
0.88
0.96
0.42
0.83
0.11
1.00
0.13
0.07
0.80
0.40
0.50
0.85
0.92
0.10
0.67
1.00
0.76
0.91
0.49
0.20
0.99
0.55
0.83
0.69
0.86
0.33
0.49
0.35
0.95
0.16
0.19
0.19
0.85
0.99
0.46
0.81
0.37
0.37
0.78
0.78
0.09
0.68
0.28
0.25
0.59
0.18
0.01
0.26
0.31
0.59
0.10
0.60
0.80
0.54
0.07
0.65
0.91
0.32
0.28
0.28
0.85
0.98
0.70
0.01
0.92
0.74
0.24
0.97
0.49
0.91
0.34
0.56
0.99
0.59
0.93
0.51
0.90
0.01
0.80
